$ 1 0.000005 6.186780925036789 59 5 50 5e-11
R 656 752 656 816 0 0 40 -12 0 0 0.5
R 336 -672 272 -672 0 0 40 12 0 0 0.5
r 560 672 560 752 0 2370
r 800 672 800 752 0 2370
w 592 656 656 656 0
r 656 656 656 576 0 6190
g 656 576 656 560 0 0
34 zener-6.8 1 1.7143528192810002e-7 0 2.0000000000000084 6.8 1
z 656 752 656 656 2 zener-6.8
w 560 752 656 752 0
c 704 656 704 752 0 1e-8 6.752482249867861 0.001
w 704 752 656 752 0
w 704 656 656 656 0
w 704 752 800 752 0
w 704 656 768 656 0
r 560 512 688 512 0 3010
r 800 640 800 512 0 5.11
r 560 640 560 512 0 5.11
w 560 512 560 448 0
w 688 512 800 512 0
x 567 470 580 473 4 24 4
x 712 470 725 473 4 24 5
w 688 512 688 448 0
w 240 448 1008 448 0
x 779 469 925 472 4 24 6\s(pos.\soffset)
R 320 672 272 672 0 4 50 2.5 0 0 0.5
x 408 471 514 474 4 24 ramp\sin\s\s3
w 336 -672 384 -672 0
w 368 -592 384 -592 0
r 384 -592 384 -672 0 2740
r 384 -512 384 -592 0 10500
w 336 -608 336 -672 0
c 448 -592 448 -512 0 1e-8 9.51661631986856 0.001
w 448 -512 416 -512 0
w 416 -512 384 -512 0
g 416 -512 416 -496 0 0
w 384 -592 448 -592 0
w 336 -576 336 -448 0
x 354 -458 367 -455 4 24 9
w 768 448 768 480 0
w 768 480 944 480 0
r 944 480 1040 480 0 75000
r 944 480 944 560 0 20500
g 944 560 944 576 0 0
x 567 -459 593 -456 4 24 13
x 638 -458 664 -455 4 24 10
x 712 -457 738 -454 4 24 12
r 624 -448 624 -528 0 487
R 624 -528 624 -560 0 0 40 12 0 0 0.5
w 304 -448 1008 -448 0
172 1040 480 1088 480 0 7 0 12 -12 0 0.5 X POS
w 496 640 496 448 0
a 320 656 400 656 8 15 -15 1000000 0.8974910252655595 0.8975000001758122 100000
w 400 656 496 656 0
w 496 656 496 640 0
w 400 656 400 608 0
w 400 608 304 608 0
w 304 608 304 640 0
w 304 640 320 640 0
t 592 656 560 656 0 1 -4.925457059447545 0.6198968091988002 100 default
t 768 656 800 656 0 1 -3.89571007032836 0.6198968092090498 100 default
t 576 -688 560 -688 0 1 -98.1101364933696 0.6173352491581419 100 default
t 688 -688 704 -688 0 1 -98.09523495351954 0.6206271095491562 100 default
w 576 -688 608 -688 0
w 608 -688 656 -688 0
w 656 -688 688 -688 0
r 608 -688 608 -768 0 1780
r 608 -688 608 -608 0 10000
g 608 -608 608 -592 0 0
c 656 -688 656 -608 0 1e-8 10.11187452709904 0.001
g 656 -608 656 -592 0 0
R 608 -768 608 -800 0 0 40 12 0 0 0.5
x 808 -458 900 -455 4 24 11\s(gain)
174 1104 -656 1120 -592 1 47000 0.46040000000000003 X GAIN
g 1104 -592 1104 -576 0 0
R 1104 -768 1104 -800 0 0 40 12 0 0 0.5
r 1120 -624 1200 -624 0 16200
r 1200 -624 1200 -736 0 5110
w 1200 -624 1248 -624 0
r 1248 -624 1248 -768 0 953
w 800 -448 800 -512 0
w 800 -512 1200 -512 0
w 1200 -512 1200 -624 0
174 1152 -768 1168 -704 1 10000 0.005 X MAG
g 1152 -704 1152 -688 0 0
w 1168 -736 1200 -736 0
w 1104 -768 1152 -768 0
w 1104 -768 1104 -656 0
w 1248 -768 1152 -768 0
t 368 -592 336 -592 0 1 -2.483383680131441 -2.457805623892515 100 default
34 zener-10 1 1.7143528192810002e-7 0 2.0000000000000084 10 1
z 560 -704 560 -816 2 zener-10
z 704 -704 704 -816 2 zener-10
r 704 -816 704 -1008 0 1960
r 560 -816 560 -1008 0 1960
R 512 -1008 512 -1040 0 0 40 125 0 0 0.5
t 560 -816 512 -816 0 -1 125.37102712669886 -0.5989898367235469 100 default
t 704 -816 752 -816 0 -1 95.51166788793705 -0.6137700070115528 100 default
w 512 -832 512 -944 0
w 512 -944 752 -944 0
w 752 -832 752 -944 0
34 zener-6.2 1 1.7143528192810002e-7 0 2.0000000000000084 6.2 1
z 512 -944 512 -1008 2 zener-6.2
r 512 -800 512 -704 0 100000
r 752 -800 752 -704 0 100000
w 752 -704 704 -704 0
w 560 -704 512 -704 0
w 512 -800 464 -800 0
w 752 -800 800 -800 0
d 464 -800 464 -704 2 default
d 800 -800 800 -704 2 default
w 800 -704 752 -704 0
w 464 -704 512 -704 0
w 464 -800 464 -832 0
w 800 -800 800 -832 0
x 450 -848 479 -845 4 24 X2
x 788 -849 817 -846 4 24 X1
w 800 -800 848 -800 0
w 464 -800 416 -800 0
r 416 -800 416 -880 0 154000
r 368 -800 368 -880 0 154000
r 320 -800 320 -880 0 154000
r 848 -800 848 -880 0 154000
r 896 -800 896 -880 0 154000
r 944 -800 944 -880 0 154000
w 944 -800 896 -800 0
w 896 -800 848 -800 0
w 848 -880 896 -880 0
w 896 -880 944 -880 0
w 320 -800 368 -800 0
w 368 -800 416 -800 0
w 416 -880 368 -880 0
w 368 -880 320 -880 0
R 320 -880 320 -912 0 0 40 -125 0 0 0.5
R 944 -880 944 -912 0 0 40 -125 0 0 0.5
w 512 -1008 560 -1008 0
w 560 -1008 704 -1008 0
w 704 -656 704 -672 0
r 560 -448 560 -672 0 1
r 704 -448 704 -656 0 1
w 464 -832 464 -1072 0
p 464 -1072 800 -1072 1 0 0
w 800 -1072 800 -832 0
g 272 448 272 480 0 0
x 282 470 295 473 4 24 2
t 528 192 560 192 0 1 -3.4797090108572166 0.5931968379006085 100 default
t 560 208 592 208 0 1 -4.072905848757825 0.6132632159098035 100 default
w 592 192 592 176 0
w 592 176 560 176 0
r 560 208 560 272 0 680
w 560 272 592 272 0
w 592 272 592 224 0
t 720 192 688 192 0 1 -4.527568531253758 0.5925695986101165 100 default
t 688 208 656 208 0 1 -5.120138129863875 0.6027496975832676 100 default
w 656 192 656 176 0
w 656 176 688 176 0
r 688 208 688 272 0 680
w 656 224 656 272 0
w 656 272 688 272 0
w 528 192 496 192 0
w 496 448 496 192 0
w 768 448 768 192 0
w 768 192 720 192 0
w 560 448 560 272 0
w 688 272 688 448 0
t 528 112 560 112 0 1 0.24626339158630906 0.6227999638772239 100 default
t 528 112 688 112 0 1 0.23929161790573428 0.6158281902222313 100 default
w 688 128 688 176 0
w 560 176 560 128 0
R 528 112 480 112 0 0 40 5 0 0 0.5
t 512 0 544 0 0 1 -4.150480746944827 0.5879783166262245 100 default
t 608 0 576 0 0 1 -4.120192946647198 0.614656171610295 100 default
w 544 16 560 16 0
w 560 16 576 16 0
w 544 -16 544 -32 0
w 560 96 560 16 0
w 672 -16 672 -32 0
t 736 0 704 0 0 1 -4.146870801631269 0.5810065429456497 100 default
t 640 0 672 0 0 1 -4.123802891960756 0.6076843979297202 100 default
w 608 0 624 0 0
w 688 96 688 16 0
w 688 16 672 16 0
w 688 16 704 16 0
w 624 0 624 48 0
w 512 0 512 32 0
w 512 32 736 32 0
w 736 32 736 0 0
w 544 -32 560 -32 0
w 576 -16 576 -48 0
w 576 -48 704 -48 0
w 704 -48 704 -16 0
t 432 -32 464 -32 0 1 -6.121644589452961 0.5099626305230531 100 default
t 432 32 464 32 0 -1 5.878355410547039 0.5099626305230531 100 default
w 464 16 464 0 0
w 464 0 464 -16 0
w 752 0 784 0 2
t 816 -32 784 -32 0 1 -6.175000311913464 0.4832847630466208 100 default
w 784 0 784 -16 0
w 784 0 784 16 0
t 816 32 784 32 0 -1 5.824999688086536 0.4832847630466208 100 default
g 464 48 464 64 0 0
g 784 48 784 64 0 0
R 464 -48 464 -80 0 0 40 12 0 0 0.5
R 784 -48 784 -80 0 0 40 12 0 0 0.5
w 432 32 432 0 0
w 432 0 432 -32 0
w 816 32 816 0 0
w 816 0 816 -32 0
r 816 0 880 0 0 220.00000000000003
r 368 0 432 0 0 220.00000000000003
r 368 0 368 -80 0 12000
r 368 80 368 0 0 12000
r 880 0 880 -80 0 12000
r 880 80 880 0 0 390
r 880 160 880 80 0 12000
g 880 160 880 176 0 0
g 368 80 368 96 0 0
w 560 -448 560 -32 0
w 560 -32 672 -32 0
w 704 -448 704 -48 0
w 640 0 624 0 0
w 736 0 752 0 0
w 880 -80 880 -416 0
w 880 -416 800 -416 0
w 800 -416 800 -448 0
w 624 -448 624 -416 0
w 624 -416 368 -416 0
w 368 -416 368 -80 0
w 624 48 496 48 0
w 496 48 496 0 0
w 496 0 464 0 0
p 496 -128 752 -128 1 0 0
w 496 0 496 -128 0
w 752 -128 752 0 0
o 138 8 0 4354 160 0.1 0 1
